Satellite_foot using JRM09 model field and CAN’81 magnetodisc model                                  
Coordinates of Satellite Footprints in Northern Hemisphere
W Long                AM                IO                EU                GA
     0    61.31   343.82    78.09   336.54    83.88   324.36    86.68   293.67
     5    63.05   349.51    79.56   345.67    85.17   337.59    88.17   301.22
    10    64.90   356.56    80.84   357.50    86.19   358.20    89.56   346.57
    15    66.67     5.50    81.76    12.50    86.59    27.75    88.66    99.62
    20    67.87    16.80    82.11    30.07    86.12    57.52    87.06   110.52
    25    67.90    29.87    81.77    47.91    84.97    78.45    85.39   115.53
    30    66.31    42.46    80.81    63.64    83.43    91.78    83.66   119.00
    35    63.71    51.95    79.37    76.36    81.68   100.99    81.86   122.23
    40    61.42    58.77    77.56    86.36    79.75   107.87    79.96   125.27
    45    59.76    64.53    75.49    94.57    77.66   113.67    77.92   128.28
    50    58.55    70.02    73.15   101.55    75.35   118.69    75.70   131.15
    55    57.62    75.61    70.55   107.63    72.77   123.07    73.25   133.78
    60    56.82    81.56    67.73   113.07    69.93   126.94    70.63   136.09
    65    56.02    87.96    64.94   117.69    67.06   129.90    68.00   137.82
    70    55.07    94.74    62.42   121.55    64.50   132.13    65.63   139.05
    75    53.88   101.60    60.29   124.83    62.35   134.01    63.60   140.10
    80    52.48   108.02    58.45   127.78    60.58   135.73    61.90   141.14
    85    50.99   113.65    56.89   130.46    59.05   137.47    60.43   142.29
    90    49.51   118.52    55.53   132.96    57.78   139.15    59.19   143.50
    95    48.10   122.70    54.35   135.31    56.64   140.89    58.13   144.78
   100    46.81   126.38    53.31   137.58    55.69   142.59    57.18   146.17
   105    45.64   129.72    52.39   139.79    54.83   144.35    56.37   147.60
   110    44.59   132.78    51.60   141.93    54.10   146.10    55.68   149.08
   115    43.68   135.70    50.91   144.06    53.46   147.88    55.09   150.61
   120    42.88   138.51    50.32   146.17    52.92   149.68    54.58   152.19
   125    42.21   141.27    49.82   148.27    52.47   151.50    54.16   153.81
   130    41.65   144.00    49.42   150.37    52.11   153.33    53.83   155.46
   135    41.20   146.72    49.10   152.50    51.83   155.20    53.56   157.16
   140    40.86   149.47    48.87   154.63    51.63   157.08    53.37   158.89
   145    40.62   152.24    48.72   156.78    51.49   159.01    53.26   160.65
   150    40.49   155.03    48.64   158.96    51.43   160.96    53.22   162.44
   155    40.45   157.85    48.65   161.17    51.45   162.94    53.25   164.27
   160    40.51   160.69    48.74   163.40    51.54   164.95    53.33   166.14
   165    40.66   163.55    48.91   165.66    51.70   167.00    53.50   168.04
   170    40.92   166.42    49.16   167.96    51.94   169.08    53.72   169.98
   175    41.27   169.32    49.49   170.30    52.24   171.21    54.00   171.95
   180    41.74   172.24    49.91   172.69    52.61   173.38    54.36   173.98
   185    42.33   175.19    50.40   175.13    53.05   175.61    54.77   176.05
   190    43.01   178.21    50.97   177.63    53.57   177.90    55.24   178.17
   195    43.84   181.28    51.62   180.21    54.14   180.24    55.76   180.35
   200    44.77   184.47    52.35   182.86    54.79   182.67    56.34   182.59
   205    45.80   187.78    53.14   185.62    55.48   185.16    56.98   184.90
   210    46.93   191.24    53.99   188.48    56.23   187.75    57.65   187.28
   215    48.13   194.88    54.90   191.45    57.03   190.42    58.38   189.74
   220    49.35   198.73    55.85   194.57    57.87   193.20    59.13   192.27
   225    50.63   202.76    56.84   197.80    58.74   196.07    59.93   194.90
   230    51.89   207.03    57.85   201.18    59.65   199.06    60.74   197.61
   235    53.16   211.52    58.88   204.73    60.57   202.17    61.59   200.43
   240    54.41   216.29    59.93   208.42    61.52   205.39    62.46   203.33
   245    55.61   221.39    60.97   212.32    62.47   208.74    63.35   206.35
   250    56.73   226.88    62.00   216.43    63.43   212.25    64.24   209.46
   255    57.78   232.74    63.01   220.72    64.39   215.91    65.15   212.71
   260    58.67   239.03    63.99   225.28    65.34   219.72    66.06   216.07
   265    59.40   245.73    64.94   230.10    66.28   223.72    66.97   219.53
   270    59.92   252.83    65.83   235.19    67.20   227.87    67.88   223.12
   275    60.21   260.25    66.67   240.55    68.11   232.23    68.78   226.83
   280    60.21   267.96    67.43   246.17    68.98   236.75    69.68   230.65
   285    59.90   275.72    68.10   252.13    69.83   241.43    70.57   234.60
   290    59.27   283.19    68.68   258.30    70.65   246.38    71.45   238.64
   295    58.45   290.02    69.15   264.62    71.42   251.41    72.33   242.74
   300    57.55   296.00    69.52   271.09    72.17   256.64    73.21   246.94
   305    56.74   301.18    69.79   277.47    72.90   261.96    74.08   251.14
   310    56.09   305.72    70.01   283.61    73.60   267.27    74.97   255.34
   315    55.64   309.78    70.21   289.42    74.30   272.60    75.89   259.57
   320    55.39   313.52    70.47   294.82    75.03   277.81    76.83   263.68
   325    55.37   317.05    70.82   299.84    75.80   282.86    77.83   267.63
   330    55.56   320.48    71.31   304.57    76.66   287.78    78.88   271.44
   335    55.97   323.88    71.98   309.11    77.61   292.65    80.00   275.06
   340    56.59   327.33    72.85   313.62    78.69   297.49    81.20   278.66
   345    57.43   330.93    73.92   318.32    79.87   302.67    82.48   282.11
   350    58.50   334.77    75.18   323.42    81.16   308.36    83.82   285.51
   355    59.79   339.01    76.60   329.32    82.51   315.27    85.22   289.31
   360    61.31   343.82    78.09   336.54    83.88   324.36    86.68   293.67