Satellite_foot using JRM33 model field and Connerney et al. (2020) magnetodisc model
Coordinates of Satellite Footprints in Northern Hemisphere
W Long             AM              IO              EU              GA
    0   61.06  344.61   78.55  333.63   83.96  315.19   86.24  281.86
    5   62.86  350.59   79.90  341.79   85.43  324.06   87.68  276.07
   10   64.62  357.84   81.22  352.79   86.88  340.65   89.02  244.19
   15   66.08    6.95   82.30    8.04   87.85   17.81   88.74  157.45
   20   66.78   18.22   82.78   27.50   87.42   66.45   87.17  136.96
   25   66.39   30.14   82.46   47.75   85.94   91.65   85.43  132.70
   30   65.22   40.85   81.44   65.05   84.13  103.95   83.62  131.91
   35   63.59   50.21   79.97   78.87   82.15  111.64   81.72  132.42
   40   61.71   58.16   78.08   90.26   79.98  117.41   79.68  133.55
   45   59.99   64.72   75.61   99.91   77.52  122.01   77.44  134.92
   50   58.67   70.49   72.38  107.15   74.70  125.53   74.96  136.24
   55   57.69   76.08   69.11  111.44   71.65  127.84   72.28  137.22
   60   56.90   81.82   66.55  114.64   68.85  129.31   69.70  137.84
   65   56.18   87.89   64.49  117.85   66.52  130.73   67.45  138.40
   70   55.41   94.30   62.68  121.21   64.57  132.35   65.56  139.16
   75   54.43  100.97   60.98  124.59   62.86  134.16   63.93  140.13
   80   53.08  107.67   59.33  127.84   61.32  136.02   62.49  141.26
   85   51.34  113.91   57.75  130.82   59.92  137.85   61.20  142.49
   90   49.45  119.17   56.27  133.49   58.65  139.64   60.04  143.79
   95   47.72  123.39   54.93  135.86   57.50  141.36   59.01  145.12
  100   46.25  126.90   53.74  138.03   56.47  143.03   58.08  146.48
  105   45.02  129.98   52.70  140.08   55.56  144.69   57.26  147.88
  110   43.99  132.83   51.81  142.06   54.77  146.35   56.53  149.32
  115   43.12  135.53   51.05  144.02   54.08  148.02   55.91  150.81
  120   42.38  138.19   50.41  146.00   53.51  149.74   55.38  152.34
  125   41.77  140.84   49.89  148.00   53.03  151.50   54.93  153.93
  130   41.27  143.51   49.47  150.06   52.64  153.31   54.57  155.58
  135   40.86  146.22   49.15  152.16   52.34  155.18   54.29  157.29
  140   40.55  148.99   48.92  154.33   52.13  157.10   54.08  159.05
  145   40.33  151.81   48.78  156.55   52.00  159.08   53.95  160.86
  150   40.20  154.69   48.73  158.82   51.94  161.11   53.89  162.71
  155   40.17  157.59   48.77  161.14   51.96  163.17   53.89  164.60
  160   40.23  160.52   48.88  163.48   52.05  165.26   53.96  166.52
  165   40.39  163.45   49.08  165.85   52.21  167.39   54.09  168.47
  170   40.66  166.37   49.37  168.24   52.44  169.53   54.28  170.44
  175   41.04  169.27   49.74  170.65   52.74  171.70   54.53  172.44
  180   41.56  172.17   50.18  173.08   53.10  173.89   54.84  174.47
  185   42.21  175.08   50.71  175.54   53.52  176.12   55.20  176.52
  190   43.00  178.03   51.30  178.05   54.00  178.38   55.61  178.61
  195   43.93  181.05   51.97  180.61   54.53  180.69   56.07  180.74
  200   44.99  184.18   52.69  183.24   55.12  183.05   56.58  182.92
  205   46.16  187.46   53.46  185.96   55.75  185.49   57.12  185.15
  210   47.41  190.93   54.28  188.79   56.42  188.00   57.71  187.45
  215   48.69  194.62   55.12  191.74   57.13  190.60   58.33  189.82
  220   49.98  198.53   56.00  194.82   57.87  193.30   58.99  192.27
  225   51.24  202.68   56.89  198.04   58.63  196.11   59.68  194.80
  230   52.47  207.07   57.79  201.42   59.42  199.03   60.40  197.42
  235   53.66  211.70   58.70  204.96   60.23  202.07   61.14  200.15
  240   54.78  216.60   59.62  208.67   61.07  205.24   61.92  202.97
  245   55.84  221.77   60.54  212.56   61.92  208.54   62.72  205.89
  250   56.82  227.22   61.46  216.62   62.80  211.98   63.55  208.92
  255   57.73  232.99   62.39  220.88   63.70  215.55   64.42  212.06
  260   58.56  239.14   63.33  225.35   64.64  219.28   65.33  215.31
  265   59.27  245.74   64.28  230.05   65.61  223.17   66.28  218.69
  270   59.79  252.87   65.24  235.02   66.62  227.26   67.29  222.20
  275   60.04  260.47   66.21  240.31   67.68  231.56   68.36  225.87
  280   59.95  268.25   67.15  245.92   68.77  236.11   69.48  229.73
  285   59.53  275.84   68.04  251.86   69.87  240.92   70.63  233.78
  290   58.88  283.01   68.84  258.04   70.95  245.98   71.80  238.02
  295   58.07  289.67   69.52  264.36   71.98  251.25   72.94  242.44
  300   57.17  295.75   70.08  270.68   72.92  256.64   74.02  246.96
  305   56.26  301.17   70.53  276.85   73.78  262.06   75.03  251.52
  310   55.46  305.92   70.91  282.75   74.57  267.42   75.97  256.01
  315   54.86  310.08   71.27  288.32   75.30  272.63   76.87  260.38
  320   54.51  313.82   71.65  293.52   76.01  277.63   77.73  264.55
  325   54.41  317.30   72.09  298.41   76.73  282.41   78.60  268.47
  330   54.56  320.64   72.64  303.05   77.49  286.97   79.48  272.06
  335   54.97  323.96   73.32  307.57   78.31  291.34   80.40  275.31
  340   55.65  327.38   74.12  312.07   79.21  295.60   81.39  278.13
  345   56.61  331.01   75.05  316.71   80.22  299.84   82.46  280.46
  350   57.85  335.00   76.10  321.65   81.34  304.25   83.61  282.13
  355   59.36  339.48   77.27  327.16   82.58  309.14   84.88  282.87
  360   61.06  344.61   78.55  333.63   83.96  315.19   86.24  281.86