,PJ,UTC_TIME,Moon_SIII_LON,FP_LON,FP_LAT,FP_LON_ERR,FP_LAT_ERR,EMISSION_ANGLE,EQ_LEAD_ANGLE,EQ_LEAD_ANGLE_ERR
0,          PJ01        , 2016-08-27T14:04:30        ,25.11,26.72,-64.97,0.18,0.28,36.38,2.7536781609195415,0.2068965517241388
1,          PJ01        , 2016-08-27T14:05:32        ,25.66,27.42,-64.86,0.18,0.28,36.21,2.499080459770113,0.2068965517241388
2,          PJ01        , 2016-08-27T14:06:33        ,26.21,27.78,-64.82,0.19,0.28,35.91,2.6352873563218395,0.21839080459770344
3,          PJ03        , 2016-12-11T17:51:10        ,318.0,329.56,-69.63,0.19,0.21,36.92,4.316425120772919,0.2294685990337939
4,          PJ03        , 2016-12-11T17:52:11        ,318.54,330.1,-69.61,0.18,0.21,36.26,4.204251207729442,0.21739130434781373
5,          PJ03        , 2016-12-11T17:53:11        ,319.08,330.54,-69.45,0.17,0.21,35.92,4.212850241545823,0.20540173819466645
6,          PJ03        , 2016-12-11T17:54:12        ,319.62,331.18,-69.65,0.17,0.21,35.08,3.978353510895829,0.20581113801452489
7,          PJ03        , 2016-12-11T17:55:13        ,320.16,331.42,-69.41,0.16,0.22,35.08,4.2277966101694915,0.1937046004842955
8,          PJ03        , 2016-12-11T17:56:13        ,320.7,332.12,-69.42,0.16,0.22,34.63,3.920338983050783,0.1937046004842955
9,          PJ03        , 2016-12-11T17:57:14        ,321.25,332.58,-69.39,0.15,0.23,34.39,3.913438256658594,0.18159806295398084
10,          PJ03        , 2016-12-11T17:58:14        ,321.79,333.04,-69.35,0.15,0.23,34.2,3.8965375302663006,0.18159806295398084
11,          PJ03        , 2016-12-11T17:59:15        ,322.33,333.63,-69.23,0.15,0.23,34.18,3.7222518159805986,0.18159806295398084
12,          PJ03        , 2016-12-11T18:00:16        ,322.87,333.92,-69.39,0.15,0.24,33.81,3.9111622276028584,0.18159806295398084
13,          PJ03        , 2016-12-11T18:01:16        ,323.41,334.47,-69.22,0.14,0.24,33.95,3.7853026634381877,0.1694915254236946
14,          PJ03        , 2016-12-11T18:02:17        ,323.95,334.84,-69.09,0.14,0.24,34.09,3.8771844660194006,0.16978537342203026
15,          PJ03        , 2016-12-11T18:03:18        ,324.49,335.18,-69.08,0.14,0.25,34.09,4.00456310679607,0.16990291262135315
16,          PJ03        , 2016-12-11T18:05:19        ,325.57,336.31,-69.08,0.15,0.25,34.04,3.7132038834951118,0.18203883495141326
17,          PJ03        , 2016-12-11T18:07:20        ,326.66,337.09,-68.88,0.15,0.26,34.45,3.8566019417476127,0.18203883495144169
18,          PJ03        , 2016-12-11T18:09:21        ,327.74,337.83,-68.79,0.15,0.26,34.73,4.038543689320363,0.18203883495144169
19,          PJ03        , 2016-12-11T18:10:22        ,328.28,338.31,-68.65,0.16,0.27,35.03,3.9960194174756793,0.19417475728158706
20,          PJ03        , 2016-12-11T18:16:26        ,331.53,340.96,-68.34,0.17,0.28,36.19,4.017804878048764,0.20731707317077053
21,          PJ03        , 2016-12-11T18:17:26        ,332.07,341.41,-68.31,0.18,0.29,36.37,4.009024390243837,0.21951219512195053
22,          PJ03        , 2016-12-11T18:18:27        ,332.61,342.12,-68.42,0.18,0.29,36.37,3.683170731707321,0.21951219512197895
23,          PJ03        , 2016-12-11T18:19:28        ,333.15,342.6,-68.46,0.18,0.29,36.45,3.637804878048712,0.21951219512195053
24,          PJ03        , 2016-12-11T18:20:28        ,333.69,342.99,-68.17,0.19,0.29,37.0,3.702195121951206,0.23144027060709504
25,          PJ04        , 2017-02-02T13:38:38        ,268.6,285.7,-75.1,0.1,0.1,15.37,5.645454545454584,0.10330578512400734
26,          PJ04        , 2017-02-02T13:39:39        ,269.14,285.87,-75.08,0.1,0.1,13.65,6.009834710743803,0.10330578512397892
27,          PJ04        , 2017-02-02T13:40:40        ,269.68,286.04,-75.05,0.11,0.09,12.22,6.374214876033022,0.11363636363637397
28,          PJ04        , 2017-02-02T13:41:41        ,270.23,286.72,-74.99,0.11,0.09,10.83,6.221735537190057,0.11363636363637397
29,          PJ04        , 2017-02-02T13:49:48        ,274.58,291.41,-74.54,0.12,0.12,12.38,5.577854077253164,0.12875536480686378
30,          PJ04        , 2017-02-02T13:50:49        ,275.12,292.13,-74.43,0.12,0.13,13.44,5.345321888412002,0.12875536480686378
31,          PJ04        , 2017-02-02T13:59:57        ,280.01,296.01,-73.95,0.14,0.19,22.14,5.941263858093123,0.155210643015522
32,          PJ04        , 2017-02-02T14:12:08        ,286.53,302.42,-73.2,0.18,0.26,30.83,5.161090487238937,0.2088167053364316
33,          PJ04        , 2017-02-02T14:13:08        ,287.08,303.09,-73.17,0.18,0.26,31.39,4.933828306264502,0.2088167053364316
34,          PJ04        , 2017-02-02T14:15:10        ,288.16,304.13,-73.02,0.18,0.27,32.57,4.8073317865429885,0.2088167053364316
35,          PJ04        , 2017-02-02T14:16:11        ,288.71,304.56,-72.95,0.19,0.28,33.14,4.858491879350311,0.22041763341067622
36,          PJ04        , 2017-02-02T14:17:12        ,289.25,304.68,-72.98,0.19,0.28,33.54,5.259280742459396,0.2204176334106478
37,          PJ04        , 2017-02-02T14:29:54        ,296.05,310.94,-72.28,0.23,0.34,39.22,4.696080760095015,0.2731591448931283
38,          PJ04        , 2017-02-02T14:30:55        ,296.59,311.49,-72.31,0.23,0.34,39.5,4.582874109263628,0.27315914489315674
39,          PJ04        , 2017-02-02T14:31:56        ,297.13,311.68,-72.26,0.23,0.35,39.86,4.897220902612844,0.2731591448931283
40,          PJ06        , 2017-05-19T06:49:03        ,220.87,225.73,-80.14,0.17,0.1,22.87,7.538704156479241,0.10391198044008831
41,          PJ06        , 2017-05-19T06:50:34        ,221.68,226.47,-80.18,0.16,0.11,20.54,7.896381418092915,0.09779951100244944
42,          PJ06        , 2017-05-19T06:51:34        ,222.22,228.01,-80.09,0.15,0.11,19.47,7.495061124694388,0.08283789010009457
43,          PJ07        , 2017-07-11T02:51:41        ,179.53,146.24,-78.28,0.15,0.13,16.22,9.316585365853655,0.09893798005660415
44,          PJ07        , 2017-07-11T02:52:43        ,180.08,147.16,-78.42,0.14,0.14,15.52,9.251270718232064,0.09668508287290933
45,          PJ07        , 2017-07-11T02:59:52        ,183.91,152.33,-78.99,0.15,0.16,12.88,9.51082872928174,0.10359116022100068
46,          PJ07        , 2017-07-11T03:02:56        ,185.55,154.51,-79.16,0.15,0.17,12.88,9.74235511713934,0.0924784217015997
47,          PJ09        , 2017-10-24T18:47:49        ,91.95,71.62,-64.17,0.18,0.4,49.99,8.751948051948048,0.29220779220779747
48,          PJ09        , 2017-10-24T18:48:50        ,92.49,72.21,-64.31,0.18,0.39,48.73,8.334155844155859,0.2922077922078046
49,          PJ09        , 2017-10-24T19:07:00        ,102.22,78.18,-64.76,0.2,0.28,32.34,8.45397435897435,0.3205128205128247
50,          PJ09        , 2017-10-24T19:08:00        ,102.76,78.69,-64.85,0.2,0.28,31.53,8.176666666666677,0.3205128205128247
51,          PJ09        , 2017-10-24T19:20:07        ,109.25,83.24,-65.59,0.23,0.26,23.53,7.521604938271622,0.3549382716049436
52,          PJ09        , 2017-10-24T19:21:08        ,109.79,83.88,-65.73,0.23,0.26,22.85,7.07395061728397,0.3549382716049436
53,          PJ09        , 2017-10-24T19:22:08        ,110.33,84.46,-65.77,0.23,0.26,22.32,6.718888888888898,0.35493827160495073
54,          PJ09        , 2017-10-24T19:24:10        ,111.41,85.22,-65.9,0.23,0.26,21.23,6.626049382716047,0.35326491149785255
55,          PJ09        , 2017-10-24T19:25:10        ,111.95,85.71,-66.04,0.24,0.26,20.61,6.422891566265079,0.36144578313251685
56,          PJ11        , 2018-02-07T15:21:19        ,152.87,117.79,-74.07,0.22,0.25,25.99,7.140428015564197,0.214007782101163
57,          PJ11        , 2018-02-07T15:22:19        ,153.4,118.04,-74.11,0.22,0.25,25.51,7.427237354085605,0.214007782101163
58,          PJ12        , 2018-04-01T10:43:15        ,89.77,74.01,-64.61,0.24,0.39,52.63,2.7054838709677256,0.3870967741935445
59,          PJ12        , 2018-04-01T10:44:16        ,90.32,74.42,-64.68,0.23,0.39,52.06,2.594193548387082,0.37096774193549464
60,          PJ14        , 2018-07-16T06:05:37        ,112.72,87.31,-66.11,0.17,0.11,24.31,4.783253012048192,0.2560240963855449
61,          PJ14        , 2018-07-16T06:09:37        ,114.86,88.72,-66.61,0.17,0.13,24.91,4.799759036144593,0.25095279075485877
62,          PJ14        , 2018-07-16T06:14:38        ,117.54,90.71,-66.94,0.17,0.16,26.53,4.580816326530638,0.24781341107871668
63,          PJ15        , 2018-09-07T01:53:51        ,63.68,56.12,-63.1,0.23,0.09,35.06,4.763815028901732,0.3323699421965287
64,          PJ15        , 2018-09-07T01:54:51        ,64.22,56.44,-63.13,0.22,0.09,33.11,4.84138728323699,0.31791907514450557
65,          PJ15        , 2018-09-07T02:09:53        ,72.26,61.82,-63.13,0.14,0.16,20.6,4.736635514018701,0.21806853582554453
66,          PJ15        , 2018-09-07T02:11:53        ,73.34,62.39,-63.11,0.14,0.17,20.77,4.928785046728976,0.21806853582554453
67,          PJ15        , 2018-09-07T02:21:54        ,78.7,66.01,-63.23,0.16,0.21,24.03,4.559872611464954,0.2547770700636889
68,          PJ15        , 2018-09-07T02:22:54        ,79.24,66.4,-63.28,0.16,0.21,24.4,4.478853503184695,0.25487980275322997
69,          PJ15        , 2018-09-07T02:23:54        ,79.77,66.63,-63.33,0.16,0.22,24.78,4.640967741935484,0.25724265461268914
70,          PJ15        , 2018-09-07T02:24:54        ,80.31,67.34,-63.29,0.17,0.22,25.26,4.035806451612899,0.2741935483871032
71,          PJ16        , 2018-10-29T22:24:26        ,37.36,36.37,-64.1,0.19,0.24,29.38,3.8797215777262224,0.22041763341067266
72,          PJ16        , 2018-10-29T22:25:26        ,37.9,36.44,-64.12,0.19,0.24,28.78,4.338515081206495,0.2204176334106691
73,          PJ16        , 2018-10-29T22:26:26        ,38.44,37.21,-64.08,0.2,0.24,28.46,3.9852436194895517,0.2320185614849244
74,          PJ16        , 2018-10-29T22:46:30        ,49.18,45.81,-63.42,0.23,0.27,24.78,4.3161386138613835,0.2885210396039568
75,          PJ16        , 2018-10-29T22:47:30        ,49.72,46.38,-63.43,0.24,0.28,24.7,4.121041666666663,0.31250000000000355
76,          PJ16        , 2018-10-29T22:48:30        ,50.25,46.22,-63.53,0.24,0.28,24.56,4.859375,0.31250000000000355
77,          PJ17        , 2018-12-21T18:13:20        ,348.65,354.14,-67.55,0.23,0.33,44.67,5.07682926829267,0.2804878048780779
78,          PJ17        , 2018-12-21T18:14:20        ,349.19,354.31,-67.66,0.23,0.32,43.55,5.40951219512192,0.2804878048780495
79,          PJ17        , 2018-12-21T18:15:21        ,349.73,355.09,-67.37,0.23,0.32,43.08,4.998292682926888,0.28045820506750374
80,          PJ17        , 2018-12-21T18:16:22        ,350.27,355.36,-67.49,0.23,0.31,42.01,5.209320388349511,0.27965901018237105
81,          PJ17        , 2018-12-21T18:17:22        ,350.81,356.18,-67.34,0.23,0.31,41.42,4.7541747572815325,0.27912621359226364
82,          PJ17        , 2018-12-21T18:20:25        ,352.44,357.73,-67.24,0.23,0.3,39.1,4.5031067961164695,0.27912621359226364
83,          PJ17        , 2018-12-21T18:22:26        ,353.52,358.57,-67.17,0.23,0.29,37.61,4.563689320388335,0.27912621359226364
84,          PJ17        , 2018-12-21T18:24:27        ,354.6,359.32,-67.16,0.23,0.28,36.08,4.733495145631082,0.27912621359226364
85,          PJ17        , 2018-12-21T18:25:28        ,355.14,359.87,-67.07,0.23,0.28,35.48,4.606019417475693,0.27912621359226364
86,          PJ17        , 2018-12-21T18:36:36        ,1.1,5.74,-66.66,0.24,0.27,29.09,-356.53855421686745,0.2891566265060419
87,          PJ18        , 2019-02-12T18:46:42        ,92.27,71.11,-64.42,0.24,0.37,48.88,9.899870129870138,0.3896103896103824
88,          PJ18        , 2019-02-12T18:47:43        ,92.81,71.62,-64.34,0.24,0.36,48.07,9.611948051948048,0.3896103896103753
89,          PJ18        , 2019-02-12T18:55:44        ,97.11,74.44,-64.78,0.23,0.31,40.54,9.351935483870975,0.37096774193548754
90,          PJ18        , 2019-02-12T18:56:44        ,97.64,74.95,-64.81,0.23,0.3,39.75,9.05935483870968,0.37096774193549464
91,          PJ18        , 2019-02-12T18:57:44        ,98.18,75.48,-64.81,0.23,0.3,39.02,8.744516129032263,0.37096774193549464
92,          PJ18        , 2019-02-12T19:04:46        ,101.94,77.86,-65.15,0.23,0.28,33.55,8.686794871794874,0.3685897435897516
93,          PJ18        , 2019-02-12T19:05:46        ,102.48,78.42,-65.09,0.23,0.28,33.03,8.329358974358982,0.3685897435897516
94,          PJ18        , 2019-02-12T19:06:46        ,103.01,79.04,-65.23,0.23,0.28,32.26,7.868044164037855,0.3645454177788636
95,          PJ18        , 2019-02-12T19:07:46        ,103.55,78.99,-65.25,0.24,0.28,31.5,8.486908517350173,0.38107659953084294
96,          PJ18        , 2019-02-12T19:19:49        ,110.0,83.92,-66.07,0.25,0.28,23.94,7.2222222222222285,0.38580246913580396
97,          PJ19        , 2019-04-06T13:24:42        ,5.56,10.53,-66.9,0.19,0.57,59.7,2.1748325358851686,0.22727272727272663
98,          PJ19        , 2019-04-06T13:25:43        ,6.1,10.9,-67.2,0.19,0.54,58.58,2.2722488038277513,0.22727272727272663
99,          PJ19        , 2019-04-06T13:37:52        ,12.61,16.42,-66.57,0.22,0.45,51.83,2.2344131455399054,0.2582159624413132
100,          PJ20        , 2019-05-29T09:17:22        ,318.9,331.66,-69.83,0.27,0.38,51.52,2.677239709443029,0.32687651331715983
101,          PJ20        , 2019-05-29T09:21:26        ,321.08,333.89,-69.86,0.25,0.37,49.64,2.157481840193668,0.30266343825667263
102,          PJ20        , 2019-05-29T09:23:28        ,322.17,334.36,-69.36,0.24,0.38,49.58,2.678474576271128,0.2905569007263864
103,          PJ20        , 2019-05-29T09:33:37        ,327.6,339.5,-69.21,0.23,0.38,46.69,1.8682926829268354,0.2804878048780779
104,          PJ20        , 2019-05-29T09:42:46        ,332.5,342.79,-68.56,0.24,0.39,45.8,2.756097560975604,0.2926384190849092
105,          PJ21        , 2019-07-21T05:05:38        ,269.86,288.24,-74.93,0.25,0.15,33.73,4.259141630901297,0.26824034334765656
106,          PJ21        , 2019-07-21T05:07:39        ,270.94,288.41,-74.86,0.25,0.16,33.14,5.156738197424886,0.26824034334762814
107,          PJ21        , 2019-07-21T05:09:39        ,272.01,290.31,-74.75,0.24,0.16,32.05,4.188111587982803,0.25751072961372756
108,          PJ21        , 2019-07-21T05:11:39        ,273.08,290.61,-74.68,0.24,0.17,31.71,4.936223175965608,0.257510729613756
109,          PJ21        , 2019-07-21T05:12:39        ,273.62,291.25,-74.5,0.24,0.18,31.48,4.789527896995708,0.257510729613756
110,          PJ21        , 2019-07-21T05:13:40        ,274.16,291.94,-74.47,0.24,0.18,31.19,4.589184549356219,0.25751072961372756
111,          PJ21        , 2019-07-21T05:16:40        ,275.77,292.58,-74.23,0.24,0.19,31.11,5.503924611973389,0.26607538802662134
112,          PJ21        , 2019-07-21T05:43:45        ,290.27,306.64,-72.55,0.26,0.3,33.47,3.9876470588235406,0.3058823529411825
113,          PJ21        , 2019-07-21T05:44:45        ,290.8,306.88,-72.51,0.26,0.3,33.67,4.235294117647072,0.30588235294115407
114,          PJ21        , 2019-07-21T05:47:46        ,292.42,308.08,-72.26,0.27,0.32,34.37,4.443529411764757,0.31764705882352473
115,          PJ22        , 2019-09-12T04:38:29        ,341.15,349.42,-67.3,0.2,0.13,27.39,3.3329268292682173,0.24390243902436737
116,          PJ22        , 2019-09-12T04:39:30        ,341.69,349.95,-67.28,0.2,0.13,27.14,3.22658536585368,0.24390243902436737
117,          PJ22        , 2019-09-12T04:40:30        ,342.22,350.56,-67.26,0.2,0.13,26.89,3.0126829268292568,0.24390243902436737
118,          PJ22        , 2019-09-12T04:41:30        ,342.76,350.78,-67.15,0.2,0.14,26.98,3.2843902439024646,0.24390243902436737
119,          PJ22        , 2019-09-12T04:42:30        ,343.29,351.47,-67.13,0.2,0.14,26.79,2.9729268292682605,0.2439024390243958
120,          PJ22        , 2019-09-12T04:43:30        ,343.83,351.8,-67.2,0.21,0.14,26.84,3.110487804878005,0.2560975609756042
121,          PJ22        , 2019-09-12T04:57:32        ,351.34,357.9,-66.65,0.22,0.21,29.89,3.1967961165048564,0.2669902912621751
122,          PJ22        , 2019-09-12T04:58:32        ,351.88,358.11,-66.58,0.22,0.22,30.33,3.4819417475728187,0.2669902912621751
123,          PJ22        , 2019-09-12T05:00:32        ,352.95,359.49,-66.33,0.23,0.22,30.93,2.8771844660194006,0.2791262135922352
124,          PJ22        , 2019-09-12T05:15:04        ,0.73,5.87,-65.81,0.25,0.29,35.47,-357.06518072289157,0.3012048192771033
125,          PJ23        , 2019-11-03T23:19:06        ,255.93,267.55,-76.78,0.13,0.18,21.16,10.500383912248623,0.11882998171846282
126,          PJ23        , 2019-11-03T23:20:07        ,256.47,268.64,-76.68,0.14,0.18,20.02,10.044040219378473,0.1279707495429392
127,          PJ23        , 2019-11-03T23:21:07        ,257.01,268.82,-76.7,0.14,0.18,19.14,10.419506398537465,0.1279707495429534
128,          PJ23        , 2019-11-03T23:22:07        ,257.55,269.01,-76.69,0.14,0.18,18.27,10.785831809872036,0.1279707495429534
129,          PJ23        , 2019-11-03T23:23:08        ,258.09,269.8,-76.62,0.14,0.17,17.33,10.603711151736718,0.1279707495429392
130,          PJ23        , 2019-11-03T23:29:09        ,261.31,273.91,-76.08,0.16,0.17,12.71,10.014761904761883,0.15238095238096605
131,          PJ23        , 2019-11-03T23:30:10        ,261.85,274.22,-76.01,0.16,0.17,12.23,10.259523809523813,0.15238095238098026
132,          PJ23        , 2019-11-03T23:31:10        ,262.39,275.48,-75.85,0.17,0.17,11.53,9.599523809523788,0.16190476190476488
133,          PJ25        , 2020-02-17T19:09:20        ,293.77,306.78,-72.12,0.25,0.2,31.05,7.322941176470636,0.2941176470588118
134,          PJ25        , 2020-02-17T19:10:20        ,294.31,307.47,-71.99,0.25,0.2,30.37,7.051176470588246,0.2941176470588118
135,          PJ25        , 2020-02-17T19:12:20        ,295.38,307.7,-72.01,0.24,0.2,28.42,7.85058823529414,0.282352941176498
136,          PJ25        , 2020-02-17T19:13:20        ,295.92,308.32,-71.85,0.24,0.2,27.77,7.661176470588259,0.2823529411764696
137,          PJ25        , 2020-02-17T19:24:53        ,302.1,314.2,-71.19,0.24,0.22,20.37,6.872727272727275,0.286868244894265
138,          PJ25        , 2020-02-17T19:25:53        ,302.63,314.6,-71.18,0.24,0.22,19.74,6.924258373205703,0.2870813397129268
139,          PJ25        , 2020-02-17T19:26:53        ,303.17,314.64,-71.1,0.24,0.22,19.03,7.416411483253626,0.2870813397129268
140,          PJ25        , 2020-02-17T19:28:53        ,304.25,315.96,-70.95,0.24,0.23,18.13,6.917464114832569,0.2870813397129268
141,          PJ25        , 2020-02-17T19:32:54        ,306.39,317.56,-70.72,0.25,0.24,16.01,7.143588516746377,0.2990430622009512
142,          PJ25        , 2020-02-17T19:34:55        ,307.47,318.17,-70.78,0.25,0.24,14.82,7.493923444976076,0.29937294183790186
143,          PJ25        , 2020-02-17T19:35:55        ,308.01,318.64,-70.7,0.25,0.24,14.39,7.470431654676247,0.2997601918465307
144,          PJ25        , 2020-02-17T19:36:55        ,308.54,319.25,-70.61,0.25,0.24,14.02,7.2690167865707735,0.2997601918465307
145,          PJ26        , 2020-04-10T15:01:57        ,247.1,258.78,-78.45,0.27,0.26,41.71,9.308121827411185,0.2284263959390671
146,          PJ26        , 2020-04-10T15:03:57        ,248.18,259.29,-78.27,0.27,0.26,40.15,9.95664974619288,0.2284263959390671
147,          PJ26        , 2020-04-10T15:05:58        ,249.25,261.85,-78.26,0.27,0.26,38.94,8.845782073813666,0.23725834797889434
148,          PJ26        , 2020-04-10T15:06:58        ,249.79,261.88,-78.24,0.27,0.25,38.11,9.359420035149355,0.23725834797889434
149,          PJ26        , 2020-04-10T15:07:58        ,250.33,263.04,-78.01,0.26,0.25,37.74,8.880087873462202,0.2284710017574696
150,          PJ26        , 2020-04-10T15:08:59        ,250.87,263.88,-78.01,0.26,0.25,37.11,8.681950790861151,0.2284710017574696
151,          PJ26        , 2020-04-10T15:09:59        ,251.4,263.89,-78.02,0.26,0.25,36.29,9.203163444639728,0.2284710017574696
152,          PJ26        , 2020-04-10T15:24:03        ,258.93,275.07,-76.7,0.27,0.26,30.16,6.53000000000003,0.25714285714283847
153,          PJ26        , 2020-04-10T15:25:03        ,259.47,274.81,-76.67,0.27,0.25,29.5,7.3176190476190754,0.25714285714283847
154,          PJ26        , 2020-04-10T15:29:04        ,261.62,277.72,-76.46,0.28,0.26,27.99,6.699365079365066,0.27063492063489036
155,          PJ26        , 2020-04-10T15:30:05        ,262.16,279.15,-76.32,0.28,0.26,27.89,5.8207142857143594,0.27777777777774304
156,          PJ26        , 2020-04-10T15:31:05        ,262.7,278.61,-76.31,0.28,0.26,27.18,6.896428571428544,0.27777777777777146
157,          PJ26        , 2020-04-10T15:32:05        ,263.23,279.2,-76.22,0.28,0.26,26.83,6.841111111111161,0.27777777777774304
158,          PJ30        , 2020-11-08T02:58:15        ,202.56,186.82,-80.65,0.3,0.23,42.6,9.516315289648617,0.1424501424501443
159,          PJ30        , 2020-11-08T02:59:15        ,203.1,186.41,-80.68,0.29,0.23,42.13,10.250997150997136,0.13770180436846147
160,          PJ30        , 2020-11-08T03:00:15        ,203.64,186.55,-80.64,0.29,0.23,41.63,10.72452041785374,0.13770180436846147
161,          PJ30        , 2020-11-08T03:06:16        ,206.86,191.49,-80.88,0.27,0.24,37.93,11.596842105263164,0.12918660287081707
162,          PJ30        , 2020-11-08T03:16:17        ,212.22,201.41,-80.88,0.25,0.25,33.48,12.209868287740619,0.12664640324214815
163,          PJ30        , 2020-11-08T03:17:17        ,212.76,202.27,-80.76,0.25,0.26,33.28,12.31420466058762,0.12664640324214815
164,          PJ30        , 2020-11-08T03:29:19        ,219.2,214.66,-80.58,0.26,0.28,30.34,12.315299334811527,0.14412416851440923
165,          PJ30        , 2020-11-08T03:30:19        ,219.73,215.26,-80.62,0.26,0.28,30.18,12.512705099778259,0.14412416851440923
166,          PJ30        , 2020-11-08T03:31:19        ,220.27,216.87,-80.49,0.27,0.28,30.07,12.16024390243902,0.14966740576497273
167,          PJ30        , 2020-11-08T03:33:20        ,221.34,220.59,-80.45,0.27,0.29,29.59,11.150513447432758,0.16503667481663342
168,          PJ31        , 2020-12-30T23:07:31        ,164.81,129.82,-75.75,0.26,0.22,33.18,7.869440559440562,0.22727272727271952
169,          PJ31        , 2020-12-30T23:08:31        ,165.35,130.74,-75.92,0.26,0.22,32.74,7.60524475524474,0.22727272727271952
170,          PJ32        , 2021-02-21T18:36:23        ,105.51,81.18,-64.84,0.12,0.13,12.52,6.992649842271291,0.1892744479495363
171,          PJ32        , 2021-02-21T18:38:23        ,106.58,81.84,-64.97,0.13,0.13,11.02,7.021640378548895,0.20504731861197456
172,          PJ32        , 2021-02-21T18:39:23        ,107.12,82.0,-65.0,0.13,0.13,10.51,7.309274447949534,0.20504731861198167
173,          PJ32        , 2021-02-21T18:40:54        ,107.92,82.55,-65.1,0.13,0.13,9.93,7.256419753086433,0.2006172839506064
174,          PJ32        , 2021-02-21T18:47:25        ,111.41,84.91,-65.63,0.15,0.15,10.32,7.104444444444454,0.23148148148148806
175,          PJ32        , 2021-02-21T18:48:25        ,111.95,85.3,-65.7,0.16,0.15,10.63,7.042592592592598,0.245054291239029
176,          PJ32        , 2021-02-21T18:49:25        ,112.49,85.64,-65.78,0.16,0.15,11.02,7.068313253012036,0.24096385542167553
177,          PJ32        , 2021-02-21T18:50:25        ,113.02,86.07,-65.96,0.16,0.15,11.34,6.950722891566272,0.24096385542168264
178,          PJ32        , 2021-02-21T19:23:01        ,130.47,98.2,-68.91,0.26,0.26,22.89,7.101016042780742,0.34759358288770414
179,          PJ32        , 2021-02-21T19:24:01        ,131.0,98.49,-68.84,0.26,0.26,23.33,7.2433155080213965,0.34759358288770414
180,          PJ33        , 2021-04-16T00:33:23        ,22.37,23.96,-64.69,0.17,0.13,19.74,3.1936658932714614,0.19721577726218165
181,          PJ33        , 2021-04-16T00:43:25        ,27.74,27.94,-64.47,0.17,0.16,11.9,3.981379310344824,0.1954022988505777
182,          PJ33        , 2021-04-16T00:44:25        ,28.28,28.58,-64.53,0.17,0.16,11.59,3.7857471264367852,0.1954022988505777
183,          PJ33        , 2021-04-16T00:59:27        ,36.33,34.83,-64.0,0.2,0.21,13.19,4.636264501160092,0.23201856148492084
184,          PJ33        , 2021-04-16T01:00:27        ,36.86,35.06,-64.01,0.2,0.21,13.48,4.899443155452431,0.23201856148492084
185,          PJ33        , 2021-04-16T01:01:27        ,37.4,35.41,-63.99,0.2,0.21,13.86,5.033410672853826,0.2320185614849244
186,          PJ33        , 2021-04-16T01:06:28        ,40.08,37.42,-63.94,0.21,0.23,15.72,5.381624129930387,0.24285990498287546
187,          PJ33        , 2021-04-16T01:07:28        ,40.62,37.96,-63.98,0.22,0.23,16.02,5.286666666666662,0.2619047619047592
188,          PJ33        , 2021-04-16T01:09:28        ,41.69,39.03,-63.79,0.22,0.24,17.0,5.0828571428571365,0.26190476190476275
189,          PJ33        , 2021-04-16T01:16:29        ,45.45,42.09,-63.75,0.24,0.26,19.5,5.19009900990099,0.29702970297029907
190,          PJ33        , 2021-04-16T01:17:29        ,45.98,42.41,-63.68,0.24,0.26,19.94,5.324059405940595,0.2970297029703026
191,          PJ34        , 2021-06-08T08:43:16        ,10.38,13.3,-65.51,0.14,0.13,17.34,3.6975355450236975,0.16587677725118555
192,          PJ34        , 2021-06-08T08:44:16        ,10.92,13.43,-65.49,0.14,0.13,15.76,4.08350710900474,0.16587677725118555
193,          PJ34        , 2021-06-08T08:45:16        ,11.46,13.89,-65.48,0.14,0.13,14.44,4.078483412322276,0.1658767772511851
194,          PJ34        , 2021-06-08T08:46:16        ,11.99,14.35,-65.46,0.14,0.13,13.18,4.063459715639812,0.1658767772511851
195,          PJ34        , 2021-06-08T08:47:16        ,12.53,14.94,-65.4,0.14,0.14,12.03,3.90440758293839,0.1658767772511851
196,          PJ34        , 2021-06-08T08:48:17        ,13.07,15.21,-65.48,0.14,0.14,10.82,4.124502369668248,0.165876777251186
197,          PJ34        , 2021-06-08T08:49:17        ,13.61,16.08,-65.34,0.14,0.14,9.94,3.6336966824644588,0.1652092650690884
198,          PJ34        , 2021-06-08T08:50:17        ,14.14,16.01,-65.39,0.14,0.14,8.6,4.246635071090047,0.1655986471753117
199,          PJ34        , 2021-06-08T08:51:17        ,14.68,16.38,-65.35,0.14,0.14,7.58,4.3513615023474195,0.1643192488262919
200,          PJ34        , 2021-06-08T08:52:18        ,15.22,17.38,-65.3,0.15,0.14,7.08,3.7176525821596265,0.17605633802816723
201,          PJ34        , 2021-06-08T08:53:18        ,15.75,17.25,-65.26,0.15,0.15,5.89,4.400234741784038,0.17605633802816723
202,          PJ34        , 2021-06-08T08:59:19        ,18.98,20.65,-65.04,0.16,0.16,4.85,3.643573085846869,0.18561484918793525
203,          PJ34        , 2021-06-08T09:00:19        ,19.51,20.7,-65.02,0.16,0.16,5.05,4.11556844547564,0.18561484918793525
204,          PJ34        , 2021-06-08T09:01:20        ,20.05,21.41,-65.0,0.17,0.17,5.51,3.831902552204177,0.19721577726218342
205,          PJ34        , 2021-06-08T09:02:20        ,20.59,21.43,-64.95,0.17,0.17,6.0,4.348700696055683,0.19721577726218165
206,          PJ34        , 2021-06-08T09:19:23        ,29.71,28.86,-64.43,0.22,0.23,15.78,4.893908045977014,0.2528735632183885
207,          PJ34        , 2021-06-08T09:20:24        ,30.25,28.96,-64.47,0.22,0.23,16.29,5.318965517241377,0.2528735632183903
208,          PJ34        , 2021-06-08T09:21:24        ,30.79,29.59,-64.38,0.22,0.23,16.82,5.134827586206896,0.2528735632183903
209,          PJ34        , 2021-06-08T09:22:24        ,31.33,30.41,-64.51,0.23,0.23,16.99,4.732298850574708,0.26436781609195315
210,          PJ34        , 2021-06-08T09:23:24        ,31.86,30.6,-64.49,0.23,0.24,17.53,5.043908045977009,0.2643678160919549
211,          PJ34        , 2021-06-08T09:24:24        ,32.4,30.61,-64.39,0.23,0.24,18.2,5.572413793103447,0.2643678160919549
212,          PJ34        , 2021-06-08T09:25:25        ,32.94,31.41,-64.37,0.23,0.24,18.56,5.192873563218388,0.26436781609195315
213,          PJ34        , 2021-06-08T09:26:25        ,33.47,31.87,-64.35,0.24,0.25,18.99,5.194137931034479,0.275862068965516
214,          PJ34        , 2021-06-08T09:27:25        ,34.01,32.17,-64.35,0.24,0.25,19.45,5.389310344827582,0.275862068965516
215,          PJ35        , 2021-07-21T09:13:40        ,340.74,348.31,-67.19,0.15,0.14,18.37,4.276585365853691,0.18292682926826842
216,          PJ35        , 2021-07-21T09:14:41        ,341.27,349.08,-67.19,0.15,0.14,17.64,3.867560975609763,0.18292682926826842
217,          PJ35        , 2021-07-21T09:15:41        ,341.81,348.95,-67.12,0.15,0.14,17.49,4.5660975609756065,0.18292682926826842
218,          PJ35        , 2021-07-21T09:16:42        ,342.35,349.23,-67.08,0.16,0.14,17.22,4.76463414634145,0.1951219512195621
219,          PJ35        , 2021-07-21T09:20:44        ,344.5,351.26,-66.96,0.17,0.15,16.41,4.439024390243901,0.2073170731707421
220,          PJ35        , 2021-07-21T09:26:47        ,347.73,353.94,-66.74,0.18,0.16,17.24,4.400731707317107,0.21951219512195053
221,          PJ35        , 2021-07-21T09:27:47        ,348.26,354.48,-66.69,0.19,0.16,17.47,4.272195121951199,0.23170731707315895
222,          PJ35        , 2021-07-21T09:28:47        ,348.8,354.76,-66.66,0.19,0.17,17.87,4.4707317073171,0.23170731707318737
223,          PJ35        , 2021-07-21T09:36:51        ,353.1,358.4,-66.44,0.21,0.19,20.68,4.35000000000008,0.25485436893202973
224,          PJ35        , 2021-07-21T09:37:52        ,353.64,358.68,-66.45,0.21,0.2,21.11,4.55019417475728,0.2548543689320013
225,          PJ35        , 2021-07-21T09:38:52        ,354.18,359.45,-66.4,0.22,0.2,21.36,4.15572815533983,0.2669902912621751
226,          PJ35        , 2021-07-21T09:50:27        ,0.36,4.95,-65.93,0.24,0.25,25.68,-356.3267469879518,0.2891566265060135
227,          PJ35        , 2021-07-21T09:52:28        ,1.44,5.99,-65.85,0.25,0.25,26.36,-356.49975903614455,0.3012048192771033
228,          PJ38        , 2021-11-29T15:35:58        ,143.62,107.07,-70.77,0.24,0.2,26.61,9.292169811320775,0.28301886792452535
229,          PJ38        , 2021-11-29T15:36:59        ,144.16,107.28,-70.92,0.24,0.2,26.6,9.584528301886792,0.28301886792452535
230,          PJ38        , 2021-11-29T15:43:35        ,147.67,109.96,-71.62,0.25,0.22,26.22,10.120549450549447,0.2747252747252844
231,          PJ38        , 2021-11-29T15:44:36        ,148.21,109.59,-71.55,0.25,0.23,26.61,11.06714285714287,0.2747252747252702
232,          PJ38        , 2021-11-29T15:45:37        ,148.75,109.93,-71.62,0.25,0.23,26.63,11.233516483516468,0.2747252747252702
233,          PJ38        , 2021-11-29T15:46:38        ,149.29,110.89,-71.82,0.25,0.23,26.31,10.718571428571408,0.2747252747252702
234,          PJ38        , 2021-11-29T15:47:39        ,149.84,110.92,-71.82,0.25,0.24,26.51,11.235604395604383,0.2747252747252702
235,          PJ38        , 2021-11-29T15:48:39        ,150.38,111.65,-72.01,0.26,0.24,26.3,10.973406593406594,0.2857142857142918
236,          PJ38        , 2021-11-29T15:49:40        ,150.92,111.99,-72.08,0.26,0.24,26.33,11.13978021978022,0.2857142857142918
237,          PJ38        , 2021-11-29T15:51:42        ,152.0,112.67,-72.38,0.26,0.25,26.25,11.50515463917526,0.2680412371134082
238,          PJ38        , 2021-11-29T15:55:46        ,154.16,114.35,-72.71,0.27,0.26,26.25,11.933195876288664,0.278350515463913
239,          PJ38        , 2021-11-29T15:56:47        ,154.7,114.59,-72.71,0.27,0.26,26.39,12.225773195876286,0.278350515463913
240,          PJ40        , 2022-02-25T03:34:51        ,125.83,91.25,-67.67,0.27,0.28,35.37,12.083644314868806,0.39358600583089753
241,          PJ41        , 2022-04-09T16:58:23        ,147.15,109.23,-71.42,0.16,0.17,14.74,10.402747252747247,0.1758241758241752
242,          PJ41        , 2022-04-09T16:59:24        ,147.69,109.51,-71.53,0.16,0.17,14.2,10.635054945054947,0.1758241758241752
243,          PJ41        , 2022-04-09T17:00:25        ,148.23,110.29,-71.68,0.16,0.17,13.64,10.317912087912077,0.1758241758241752
244,          PJ41        , 2022-04-09T17:01:26        ,148.78,110.67,-71.78,0.16,0.17,13.12,10.450329670329666,0.1758241758241752
245,          PJ41        , 2022-04-09T17:02:27        ,149.32,110.91,-71.85,0.17,0.17,12.67,10.726593406593395,0.1868131868131826
246,          PJ41        , 2022-04-09T17:04:29        ,150.41,112.4,-72.24,0.17,0.18,11.87,10.193505154639155,0.17389826668177477
247,          PJ41        , 2022-04-09T17:05:30        ,150.95,113.3,-72.44,0.17,0.18,11.48,9.80567010309278,0.17525773195876582
248,          PJ41        , 2022-04-09T17:08:33        ,152.58,114.42,-72.77,0.18,0.18,10.6,10.281030927835076,0.1855670103092848
249,          PJ41        , 2022-04-09T17:09:34        ,153.12,115.13,-72.82,0.18,0.19,10.2,10.089072164948476,0.1855670103092848
250,          PJ41        , 2022-04-09T17:10:35        ,153.67,115.5,-73.06,0.19,0.19,10.14,10.25762886597937,0.19587628865978957
251,          PJ41        , 2022-04-09T17:11:36        ,154.21,115.8,-73.09,0.19,0.19,9.93,10.488350515463935,0.19587628865978957
252,          PJ41        , 2022-04-09T17:12:37        ,154.75,116.92,-73.22,0.19,0.19,9.54,9.8737113402062,0.19587628865978957
253,          PJ41        , 2022-04-09T17:14:39        ,155.84,117.41,-73.38,0.2,0.2,9.4,10.48007782101169,0.1945525291828858
254,          PJ41        , 2022-04-09T17:16:41        ,156.92,118.2,-73.56,0.2,0.2,9.29,10.791595330739284,0.1945525291828858
255,          PJ41        , 2022-04-09T17:18:43        ,158.01,119.4,-73.95,0.21,0.2,9.19,10.71428015564203,0.2042801556420244
256,          PJ41        , 2022-04-09T17:24:19        ,161.0,122.17,-74.52,0.22,0.22,9.21,11.009727626459153,0.20873117291483823
257,          PJ41        , 2022-04-09T17:25:20        ,161.54,122.51,-74.58,0.23,0.22,9.32,11.235571955719564,0.20966445073011641
258,          PJ41        , 2022-04-09T17:26:21        ,162.08,123.01,-74.77,0.23,0.22,9.38,11.314317343173457,0.2121771217712336
259,          PJ41        , 2022-04-09T17:27:22        ,162.63,123.46,-74.82,0.23,0.22,9.47,11.449188191881916,0.2121771217712194
260,          PJ41        , 2022-04-09T17:31:26        ,164.8,126.06,-75.3,0.24,0.23,9.57,11.220664206642084,0.22140221402213456
261,          PJ42        , 2022-05-23T03:39:07        ,84.79,66.86,-63.24,0.29,0.28,42.58,9.290000000000006,0.467741935483879
262,          PJ42        , 2022-05-23T03:40:07        ,85.33,67.2,-63.26,0.29,0.28,42.46,9.281612903225792,0.467741935483879
263,          PJ42        , 2022-05-23T03:42:08        ,86.4,68.07,-63.28,0.28,0.29,42.19,8.948387096774212,0.4516129032258078
