,PJ,UTC_TIME,Moon_SIII_LON,FP_LON,FP_LAT,FP_LON_ERR,FP_LAT_ERR,EMISSION_ANGLE,EQ_LEAD_ANGLE,EQ_LEAD_ANGLE_ERR
0,          PJ05        , 2017-03-27T08:03:17        ,174.8,170.5,53.49,0.13,0.7,65.6,2.5649769585253352,0.29953917050690393
1,          PJ07        , 2017-07-11T00:24:36        ,100.78,140.19,58.61,0.25,0.23,28.7,9.18116279069767,0.7267441860465027
2,          PJ07        , 2017-07-11T00:26:39        ,101.88,140.63,58.47,0.25,0.23,29.61,9.002093023255824,0.7267441860465027
3,          PJ07        , 2017-07-11T00:28:11        ,102.7,141.02,58.37,0.25,0.23,30.29,8.688372093023247,0.7267441860464956
4,          PJ07        , 2017-07-11T00:29:12        ,103.25,141.45,58.11,0.24,0.23,30.84,7.980538922155759,0.7120352318618828
5,          PJ07        , 2017-07-11T00:30:14        ,103.79,141.62,58.08,0.24,0.23,31.34,8.011556886227567,0.7185628742515249
6,          PJ07        , 2017-07-11T00:38:55        ,108.45,143.33,57.0,0.23,0.25,36.88,7.546385542168636,0.6927710843373163
7,          PJ07        , 2017-07-11T00:49:09        ,113.92,145.46,55.71,0.21,0.32,45.02,6.600722891566235,0.6325301204819525
8,          PJ08        , 2017-09-01T20:32:42        ,62.4,128.75,72.04,0.19,0.17,15.08,4.304761904761911,0.6462585034013522
9,          PJ08        , 2017-09-01T20:34:42        ,63.47,129.22,71.23,0.18,0.17,14.05,3.7761224489795993,0.6176343776947633
10,          PJ08        , 2017-09-01T21:02:20        ,78.27,132.86,64.92,0.11,0.31,42.67,6.861160220994421,0.3038674033149533
11,          PJ08        , 2017-09-01T21:03:20        ,78.8,133.13,64.81,0.11,0.33,44.8,6.645303867403314,0.3038674033149533
12,          PJ08        , 2017-09-01T21:05:21        ,79.88,133.43,64.6,0.11,0.37,49.25,6.896574585635321,0.3038674033149533
13,          PJ10        , 2017-12-16T16:40:36        ,109.6,144.23,56.62,0.28,0.29,45.58,5.985542168674726,0.8433734939759105
14,          PJ10        , 2017-12-16T16:41:37        ,110.15,144.31,56.58,0.27,0.29,45.31,6.294578313253012,0.8132530120482286
15,          PJ10        , 2017-12-16T16:42:39        ,110.69,144.78,56.45,0.27,0.29,45.36,5.4189156626505905,0.8132530120482215
16,          PJ10        , 2017-12-16T16:43:40        ,111.24,144.84,56.19,0.26,0.3,45.36,5.7881927710843115,0.7831325301204544
17,          PJ10        , 2017-12-16T16:55:55        ,117.81,147.02,55.13,0.2,0.32,46.07,5.8040119760478746,0.5988023952095389
18,          PJ10        , 2017-12-16T16:56:57        ,118.35,147.26,55.09,0.19,0.33,46.34,5.625449101796434,0.5688622754490922
19,          PJ10        , 2017-12-16T17:02:03        ,121.09,148.28,54.66,0.16,0.36,48.75,5.334186046511661,0.46511627906975406
20,          PJ10        , 2017-12-16T17:10:13        ,125.46,149.98,54.49,0.12,0.46,55.38,4.778181818181864,0.3409090909091077
21,          PJ10        , 2017-12-16T17:11:15        ,126.01,150.31,54.37,0.11,0.49,56.71,4.390681818181832,0.31250000000004263
22,          PJ10        , 2017-12-16T17:12:16        ,126.56,150.59,54.32,0.11,0.51,58.02,4.145227272727283,0.31250000000004263
23,          PJ10        , 2017-12-16T17:13:17        ,127.1,150.81,54.24,0.11,0.54,59.43,4.060227272727275,0.31250000000004263
24,          PJ10        , 2017-12-16T17:15:20        ,128.2,151.18,54.35,0.12,0.59,62.15,4.109090909090881,0.3409090909091077
25,          PJ10        , 2017-12-16T17:16:21        ,128.74,151.4,54.43,0.13,0.63,63.58,4.024090909090901,0.3681410095429314
26,          PJ10        , 2017-12-16T17:17:22        ,129.29,151.9,54.34,0.15,0.68,65.32,3.1850276243093703,0.4143646408839885
27,          PJ10        , 2017-12-16T17:18:23        ,129.84,152.17,54.44,0.16,0.72,66.88,2.9891712707182734,0.4419889502762331
28,          PJ10        , 2017-12-16T17:19:25        ,130.38,152.38,54.4,0.18,0.79,68.71,2.9490607734806673,0.4972375690607933
29,          PJ11        , 2018-02-07T12:58:10        ,76.22,131.42,65.71,0.2,0.4,52.44,9.09037037037038,0.6172839506172494
30,          PJ11        , 2018-02-07T13:01:11        ,77.83,131.93,65.34,0.18,0.38,50.87,9.126296296296246,0.5555555555555785
31,          PJ11        , 2018-02-07T13:03:11        ,78.9,132.01,65.01,0.16,0.37,49.82,9.9493827160494,0.49382716049381514
32,          PJ11        , 2018-02-07T13:04:11        ,79.44,132.14,64.77,0.16,0.37,49.43,10.088148148148164,0.49382716049381514
33,          PJ11        , 2018-02-07T13:15:12        ,85.34,134.76,62.99,0.08,0.31,44.19,8.727096774193583,0.215053763440892
34,          PJ11        , 2018-02-07T13:16:12        ,85.87,134.8,62.87,0.08,0.31,43.84,9.149569892473096,0.215053763440892
35,          PJ11        , 2018-02-07T13:17:12        ,86.41,135.15,62.68,0.09,0.3,43.72,8.748709677419342,0.24193548387097508
36,          PJ11        , 2018-02-07T13:21:13        ,88.55,136.13,62.08,0.14,0.29,44.49,8.249453551912609,0.3818526352899312
37,          PJ12        , 2018-04-01T08:55:00        ,31.81,81.77,86.55,0.13,0.18,26.71,8.770317460317461,0.02579365079364848
38,          PJ12        , 2018-04-01T08:56:02        ,32.36,83.58,86.35,0.13,0.17,26.06,8.961190476190477,0.025793650793650258
39,          PJ12        , 2018-04-01T08:58:04        ,33.45,88.67,86.1,0.12,0.16,24.56,9.661382113821144,0.04878048780487987
40,          PJ12        , 2018-04-01T08:59:06        ,34.0,88.55,86.03,0.12,0.15,23.51,10.260162601626021,0.04878048780487987
41,          PJ12        , 2018-04-01T09:01:08        ,35.1,93.46,85.61,0.12,0.14,22.17,9.364227642276429,0.04878048780487987
42,          PJ12        , 2018-04-01T09:02:10        ,35.64,94.92,85.33,0.12,0.14,21.54,9.310731707317075,0.04878048780487987
43,          PJ12        , 2018-04-01T09:03:11        ,36.19,96.08,85.25,0.11,0.13,20.56,9.38918699186992,0.04471544715447173
44,          PJ12        , 2018-04-01T09:04:12        ,36.74,96.75,85.1,0.11,0.12,19.65,9.666829268292688,0.04471544715447173
45,          PJ12        , 2018-04-01T09:05:13        ,37.28,98.45,84.88,0.11,0.11,19.04,9.515772357723577,0.04471544715447173
46,          PJ12        , 2018-04-01T09:08:17        ,38.93,102.39,84.25,0.12,0.09,17.64,9.944304291287388,0.07802340702210842
47,          PJ12        , 2018-04-01T09:09:19        ,39.47,103.56,84.08,0.12,0.08,17.51,9.723576072821846,0.07802340702210842
48,          PJ12        , 2018-04-01T09:10:20        ,40.02,104.38,83.91,0.12,0.07,17.61,9.74041612483746,0.07802340702210842
49,          PJ13        , 2018-05-24T04:44:30        ,343.45,290.72,78.12,0.21,0.18,34.83,9.15938215102966,0.24027459954228902
50,          PJ13        , 2018-05-24T04:52:37        ,347.79,293.62,78.75,0.15,0.14,25.33,10.11394366197186,0.1760563380281326
51,          PJ13        , 2018-05-24T05:02:45        ,353.22,298.58,79.82,0.07,0.08,6.78,9.705849056603824,0.08254716981130628
52,          PJ13        , 2018-05-24T05:03:46        ,353.76,298.71,79.9,0.07,0.07,5.47,10.092547169811326,0.0825471698113347
53,          PJ13        , 2018-05-24T05:04:47        ,354.31,299.23,79.84,0.07,0.07,5.92,10.029339622641487,0.08254716981130628
54,          PJ17        , 2018-12-21T16:22:17        ,289.2,239.74,70.43,0.11,0.53,59.0,5.4266112266112145,0.11434511434512729
55,          PJ17        , 2018-12-21T16:24:18        ,290.28,240.44,70.74,0.09,0.57,60.64,5.778960498960487,0.09355509355509639
56,          PJ19        , 2019-04-06T11:12:44        ,294.9,245.61,70.92,0.17,0.14,18.42,5.265612648221293,0.1679841897233132
57,          PJ19        , 2019-04-06T11:13:44        ,295.44,246.25,71.02,0.16,0.14,18.39,5.183833017077802,0.1518026565464936
58,          PJ19        , 2019-04-06T11:14:45        ,295.98,246.33,71.04,0.17,0.13,18.7,5.647931688804533,0.16129032258064058
59,          PJ19        , 2019-04-06T11:15:45        ,296.52,247.13,71.2,0.16,0.13,18.7,5.428918406072057,0.1518026565464936
60,          PJ20        , 2019-05-29T06:56:56        ,243.71,205.85,61.41,0.22,0.16,26.48,2.7857575757576,0.3333333333333428
61,          PJ20        , 2019-05-29T06:58:27        ,244.53,206.15,61.43,0.21,0.16,25.52,3.151212121212126,0.3181818181818272
62,          PJ20        , 2019-05-29T07:01:30        ,246.16,207.19,61.73,0.19,0.15,23.81,3.2054545454545575,0.28787878787879606
63,          PJ20        , 2019-05-29T07:10:38        ,251.05,210.52,62.72,0.15,0.14,19.6,3.1720930232557976,0.21802325581396076
64,          PJ20        , 2019-05-29T07:19:46        ,255.94,214.0,63.48,0.1,0.16,21.72,3.1108683473389362,0.14005602240894177
65,          PJ20        , 2019-05-29T07:20:47        ,256.48,214.15,63.49,0.1,0.16,22.79,3.4407843137255156,0.14005602240895598
66,          PJ20        , 2019-05-29T07:23:50        ,258.11,215.13,63.69,0.1,0.18,26.75,3.6982352941176657,0.14005602240895598
67,          PJ22        , 2019-09-12T02:59:01        ,287.89,237.33,69.12,0.16,0.19,34.86,6.621808731808699,0.1663201663201619
68,          PJ22        , 2019-09-12T03:00:01        ,288.42,237.53,69.15,0.15,0.18,33.42,6.943908523908533,0.15592515592516065
69,          PJ22        , 2019-09-12T03:15:32        ,296.74,246.17,70.81,0.17,0.07,29.08,6.559734345351046,0.16089656568988175
70,          PJ22        , 2019-09-12T03:16:33        ,297.27,246.36,70.81,0.21,0.06,33.6,6.909468690702056,0.19924098671725687
71,          PJ26        , 2020-04-10T12:33:03        ,167.41,167.69,52.42,0.31,0.2,42.68,1.7090654205607336,0.7243539116317947
72,          PJ26        , 2020-04-10T12:34:04        ,167.95,167.7,52.48,0.31,0.2,43.42,2.225700934579436,0.724299065420567
73,          PJ26        , 2020-04-10T12:35:04        ,168.48,168.25,52.48,0.31,0.2,43.77,1.4706542056074454,0.7242990654205528
74,          PJ26        , 2020-04-10T12:55:10        ,179.24,173.15,53.46,0.37,0.39,58.99,0.9294977168949572,0.8447488584474883
75,          PJ26        , 2020-04-10T12:56:10        ,179.77,173.38,53.57,0.37,0.41,59.95,0.9343835616438128,0.8447488584474883
76,          PJ26        , 2020-04-10T12:57:10        ,180.31,173.78,53.62,0.38,0.43,60.89,0.5611415525113728,0.8620513135532377
77,          PJ26        , 2020-04-10T12:59:11        ,181.39,174.28,53.88,0.39,0.48,62.87,0.5155605381165458,0.8744394618833695
78,          PJ26        , 2020-04-10T13:00:11        ,181.93,174.42,53.89,0.39,0.51,64.09,0.741659192825125,0.8744394618833695
79,          PJ27        , 2020-06-02T09:11:02        ,144.94,156.6,52.18,0.15,0.15,7.18,6.2420833333333405,0.3906250000000284
80,          PJ27        , 2020-06-02T09:12:02        ,145.48,156.82,52.17,0.15,0.15,6.98,6.209166666666675,0.3906250000000142
81,          PJ27        , 2020-06-02T09:13:03        ,146.01,157.01,52.13,0.15,0.14,7.01,6.244374999999991,0.3882575757575921
82,          PJ27        , 2020-06-02T09:14:03        ,146.55,157.38,52.13,0.14,0.14,7.29,5.842929292929313,0.35353535353530674
83,          PJ27        , 2020-06-02T09:15:03        ,147.08,157.64,52.06,0.14,0.14,7.8,5.716363636363695,0.35353535353532095
84,          PJ27        , 2020-06-02T09:21:04        ,150.31,158.85,52.04,0.12,0.14,13.46,5.890808080808114,0.30303030303031164
85,          PJ27        , 2020-06-02T09:22:04        ,150.84,159.04,52.0,0.12,0.14,14.87,5.941010101010164,0.3005423695078946
86,          PJ27        , 2020-06-02T09:23:04        ,151.38,159.16,52.09,0.12,0.15,16.16,6.182955665024679,0.2968104692242832
87,          PJ27        , 2020-06-02T09:24:04        ,151.92,159.49,52.09,0.12,0.15,17.63,5.910147783251233,0.2955665024630605
88,          PJ28        , 2020-07-25T05:35:56        ,115.52,146.35,54.88,0.2,0.32,49.73,5.519999999999996,0.6006060168818621
89,          PJ28        , 2020-07-25T05:37:57        ,116.59,146.76,54.6,0.17,0.34,49.6,5.362455089820386,0.5089820359280992
90,          PJ28        , 2020-07-25T05:40:57        ,118.2,147.28,54.52,0.12,0.36,49.74,5.415568862275464,0.3592814371257589
91,          PJ28        , 2020-07-25T05:41:57        ,118.74,147.52,54.6,0.11,0.37,49.94,5.237005988023938,0.32934131736531214
92,          PJ32        , 2021-02-21T16:38:20        ,42.35,111.01,83.79,0.44,0.17,52.42,7.89592720970537,0.2655319992878269
93,          PJ32        , 2021-02-21T16:39:20        ,42.88,112.9,83.68,0.43,0.16,51.84,6.788145580589251,0.3726169844020859
94,          PJ32        , 2021-02-21T16:40:21        ,43.42,114.26,83.5,0.42,0.16,51.34,6.149636048526858,0.36395147313691467
95,          PJ32        , 2021-02-21T16:41:21        ,43.96,114.61,83.25,0.41,0.16,51.0,6.386343154246099,0.355285961871747
96,          PJ32        , 2021-02-21T16:58:54        ,53.35,123.17,79.83,0.28,0.22,46.55,6.702272727272735,0.3977272727272769
97,          PJ32        , 2021-02-21T16:59:54        ,53.89,123.91,79.3,0.27,0.24,46.94,6.1911363636363745,0.3835227272727231
98,          PJ32        , 2021-02-21T17:00:54        ,54.42,124.35,79.17,0.26,0.25,47.08,6.096136363636376,0.369318181818187
99,          PJ36        , 2021-09-02T22:08:54        ,346.84,295.94,79.1,0.09,0.08,13.44,6.439056603773565,0.10613207547166326
100,          PJ36        , 2021-09-02T22:14:01        ,349.57,297.98,79.53,0.15,0.07,24.03,6.763396226415068,0.17688679245281946
101,          PJ36        , 2021-09-02T22:15:03        ,350.12,298.24,79.71,0.16,0.08,27.86,7.006792452830155,0.1886792452830548
102,          PJ37        , 2021-10-16T16:14:05        ,161.86,165.35,52.4,0.29,0.19,43.79,1.648732394366192,0.6852438394321183
103,          PJ37        , 2021-10-16T16:15:06        ,162.4,165.81,52.35,0.29,0.19,44.4,1.1089201877934158,0.6807511737089129
104,          PJ37        , 2021-10-16T16:16:06        ,162.94,165.81,52.43,0.29,0.2,45.34,1.6489201877934079,0.6807511737089129
105,          PJ37        , 2021-10-16T16:17:07        ,163.49,166.03,52.45,0.29,0.21,46.16,1.6824882629107663,0.6807511737089129
106,          PJ37        , 2021-10-16T16:18:08        ,164.03,166.14,52.38,0.3,0.22,47.18,1.9642723004695029,0.7042253521127151
107,          PJ37        , 2021-10-16T16:32:18        ,171.61,169.67,53.3,0.34,0.49,62.28,1.287419354838761,0.7866402515181505
